function K = LQR_K(L0)
%LQR_K
%    K = LQR_K(L0)

%    This function was generated by the Symbolic Math Toolbox version 23.2.
%    02-Oct-2023 20:34:47

t2 = L0.^2;
t3 = L0.^3;
mt1 = [L0.*(-4.330753921055134)-t2.*6.652867344350432e+1+t3.*6.4602838769813e+1-2.878855078674724];
mt2 = [L0.*1.792402260471178e+1+t2.*6.269841085685221-t3.*6.880676976224763e+1+2.411190492231504];
mt3 = [L0.*3.831849697424815-t2.*3.248291094642712e+1+t3.*3.714929439297075e+1-8.786686977529288e-1];
mt4 = [L0.*(-1.743146141531484)+t2.*2.761699220620865e+1-t3.*5.257545247984308e+1+7.638005656782303e-1];
mt5 = [L0.*(-4.582655273563131e+1)+t2.*1.419195663026189e+2-t3.*2.123162296432877e+2+4.885887582776028];
mt6 = [L0.*8.269295710691662-t2.*9.528429871480891e+1+t3.*1.74919086110961e+2+8.293041182567819];
mt7 = [L0.*(-1.793498695208908e+1)+t2.*3.635822083409238e+1-t3.*5.34776516032397e+1+1.555167219096352];
mt8 = [L0.*3.657166264930167-t2.*3.062930346211437e+1+t3.*4.71401284340736e+1+4.602703983486178];
mt9 = [L0.*(-4.216923316707804e+1)+t2.*1.7112620568673e+2-t3.*2.754358123044533e+2+1.41802847369375e+1];
mt10 = [L0.*1.709398326154597e+2-t2.*5.129272763436173e+2+t3.*6.925503768571026e+2-5.610644232951069e-1];
mt11 = [L0.*(-6.906122663203266e+1)+t2.*3.28141724879916e+2-t3.*5.643823883459868e+2+1.04711206398681e+1];
mt12 = [L0.*8.729925442936282e+1-t2.*3.327728037310966e+2+t3.*5.412549504476912e+2-4.97688119442944];
K = reshape([mt1,mt2,mt3,mt4,mt5,mt6,mt7,mt8,mt9,mt10,mt11,mt12],2,6);
end
