function K = LQR_K(L0)
%LQR_K
%    K = LQR_K(L0)

%    This function was generated by the Symbolic Math Toolbox version 23.2.
%    2023-10-04 14:10:21

t2 = L0.^2;
t3 = L0.^3;
mt1 = [L0.*(-4.677754619281269e+1)-t2.*3.977835725528187e+2+t3.*8.138187744641368e+2+4.443962805804108e-1];
mt2 = [L0.*2.324412751191559e+1-t2.*4.240218525685113e+1-t3.*1.553178249273085e+1-3.341123791383989e-1];
mt3 = [L0.*(-3.783358905476321)-t2.*8.530922012878601e+1+t3.*1.289246243493679e+2+4.703716673885932e-2];
mt4 = [L0.*3.271727678278031-t2.*2.59086856920895-t3.*8.394481962294018-3.722388765525248e-2];
mt5 = [L0.*(-7.224581875204269e+1)-t2.*1.521125102348182e+2+t3.*5.679730979849531e+2+1.604753144278883];
mt6 = [L0.*2.456963185224793e+1-t2.*9.090435077401669e+1+t3.*8.398853989827111e+1+6.054492104468907e-1];
mt7 = [L0.*(-3.675084437489911e+1)-t2.*1.021363431642082e+2+t3.*3.146776903344758e+2+3.625420319804855e-1];
mt8 = [L0.*1.638752380456746e+1-t2.*6.049762580780352e+1+t3.*6.276324837935683e+1-5.127683213922582e-2];
mt9 = [L0.*(-2.519720671748196e+2)+t2.*8.000275558191994e+2-t3.*1.025217264766839e+3+3.96821349729178e+1];
mt10 = [L0.*1.498522514442414e+2-t2.*6.542630610230076e+2+t3.*9.892702208550151e+2+4.181486633731188e+1];
mt11 = [L0.*(-7.023582566831971)+t2.*2.758673939523874e+1-t3.*4.334638078330482e+1+1.315557670359881];
mt12 = [L0.*1.74240929831421-t2.*6.456886631848704+t3.*9.4274024585725+1.407047010755275];
K = reshape([mt1,mt2,mt3,mt4,mt5,mt6,mt7,mt8,mt9,mt10,mt11,mt12],2,6);
end
