function K = LQR_K(L0)
%LQR_K
%    K = LQR_K(L0)

%    This function was generated by the Symbolic Math Toolbox version 9.3.
%    2023-11-14 23:36:24

t2 = L0.^2;
t3 = L0.^3;
mt1 = [L0.*(-8.739507961928722e+1)+t2.*3.52249627613793e+1+t3.*7.938844825134835e+1+3.040269846518308];
mt2 = [L0.*3.230816296268103e+1-t2.*1.17164139147902e+2+t3.*1.383951663909274e+2-1.059275936603228];
mt3 = [L0.*(-1.326797848930945e+1)-t2.*9.823484938864095+t3.*2.418330429658862e+1+5.325199043236363e-1];
mt4 = [L0.*5.589115108937449-t2.*1.900563125555859e+1+t3.*2.178060173346847e+1-1.495487737033319e-1];
mt5 = [L0.*(-4.669744241512022e+1)+t2.*8.314698980327421e+1-t3.*4.539018004255897e+1+1.824290147286306];
mt6 = [L0.*1.341545641418986e+1-t2.*5.794339029005364e+1+t3.*7.580045963157657e+1-7.300985889185005e-2];
mt7 = [L0.*(-4.054506838997477e+1)+t2.*6.847342338743364e+1-t3.*3.885062655302021e+1+1.391410328645347];
mt8 = [L0.*1.230161894478368e+1-t2.*5.206678784463882e+1+t3.*6.796468671882729e+1-1.559617467919138e-1];
mt9 = [L0.*(-9.350646937483033e+1)+t2.*2.446847306998994e+2-t3.*2.610255644907279e+2+1.7324897100651e+1];
mt10 = [L0.*4.089037083510792e+1-t2.*1.404810403327764e+2+t3.*1.759636550700685e+2+2.134883271660093e+1];
mt11 = [L0.*(-3.315726734347605)+t2.*7.676766438004608-t3.*8.070082527258018+8.775622955377631e-1];
mt12 = [L0.*9.428242381504863e-1-t2.*2.447556802287467+t3.*2.486418882505316+1.132594032694661];
K = reshape([mt1,mt2,mt3,mt4,mt5,mt6,mt7,mt8,mt9,mt10,mt11,mt12],2,6);
end
