function K = LQR_K(L0)
%LQR_K
%    K = LQR_K(L0)

%    This function was generated by the Symbolic Math Toolbox version 9.3.
%    2024-03-16 16:58:57

t2 = L0.^2;
t3 = L0.^3;
mt1 = [L0.*(-2.061852687064327e+2)+t2.*5.598050154403521e+2-t3.*6.75859318129557e+2+5.946730664930128];
mt2 = [L0.*5.555877853825844e+1-t2.*2.687594070162421e+2+t3.*3.98477186543132e+2-2.511027149838762e-1];
mt3 = [L0.*(-3.443107640186839e+1)+t2.*8.053621737758871e+1-t3.*1.059817283020235e+2+9.838792125417114e-1];
mt4 = [L0.*9.589237340110076-t2.*4.517725188185847e+1+t3.*6.661948184978739e+1+4.19468267521319e-2];
mt5 = [L0.*(-9.493378670380619e+1)+t2.*3.217667355138475e+2-t3.*4.071764313369842e+2+2.352751129368135];
mt6 = [L0.*1.816325017369405e+1-t2.*1.074899738376856e+2+t3.*1.719561700757943e+2+8.239464150481456e-1];
mt7 = [L0.*(-8.136521436650452e+1)+t2.*2.730821657269718e+2-t3.*3.520714199781566e+2+1.576386082492194];
mt8 = [L0.*1.5107823913016e+1-t2.*9.049319631718558e+1+t3.*1.457415746980591e+2+7.788161128774435e-1];
mt9 = [L0.*(-1.118450222223951e+2)+t2.*3.024168268960563e+2-t3.*3.310548676921092e+2+1.976437529687795e+1];
mt10 = [L0.*5.195986916083219e+1-t2.*1.841592321150839e+2+t3.*2.385647803113629e+2+2.352913454232907e+1];
mt11 = [L0.*(-3.448146038445801)+t2.*4.791542304322403-t3.*1.281298165352478+1.056088519298713];
mt12 = [L0.*1.818827984638779-t2.*4.865010646668956+t3.*4.826971664619653+1.127055471847075];
K = reshape([mt1,mt2,mt3,mt4,mt5,mt6,mt7,mt8,mt9,mt10,mt11,mt12],2,6);
end
