function K = lqr_k(L0)
%LQR_K
%    K = LQR_K(L0)

%    This function was generated by the Symbolic Math Toolbox version 23.2.
%    22-Sep-2023 16:02:00

t2 = L0.^2;
t3 = L0.^3;
mt1 = [L0.*(-5.126991380674697)-t2.*3.991388866778001e+1+t3.*7.860447803466694e+1+2.48099854568289e-2];
mt2 = [L0.*1.641856041502068e-2+t2.*6.125918172031006e-2-t3.*3.621574474282639e-1-2.012885450602862e-3];
mt3 = [L0.*(-7.138184021152058e-1)-t2.*7.752864657514662+t3.*9.914464208358718+6.339958822190049e-3];
mt4 = [L0.*2.598467018050664e-3-t2.*5.330480175928227e-3+t3.*8.096460060956085e-3-1.809641628399365e-5];
mt5 = [L0.*(-2.538932551110956)-t2.*1.391236665486097e+1+t3.*3.900283589038178e+1+2.720156783362807e-2];
mt6 = [L0.*(-3.220257977732969e-2)+t2.*2.173999429530525e-1-t3.*5.65484140839266e-1+3.976782035767437e-3];
mt7 = [L0.*(-2.330144966305598)-t2.*1.092142163009958e+1+t3.*2.793115238225673e+1+1.581329404682762e-2];
mt8 = [L0.*8.784508553055915e-3-t2.*4.800661351827895e-2+t3.*1.089191972288612e-1+3.841540368845272e-4];
mt9 = [L0.*(-2.010084340912963e+1)+t2.*1.286165933936828e+2-t3.*3.228861698457802e+2+1.639137670390762];
mt10 = [L0.*2.129654558262476e-1-t2.*1.616724329596871+t3.*4.40539173166331+1.964086560975621];
mt11 = [L0.*(-7.070696115079762e-1)+t2.*4.591316876893734-t3.*1.160473605971898e+1+6.021656215287347e-2];
mt12 = [L0.*3.493240217397302e-3-t2.*2.625587218034425e-2+t3.*7.127268402808362e-2+7.219094918413851e-2];
K = reshape([mt1,mt2,mt3,mt4,mt5,mt6,mt7,mt8,mt9,mt10,mt11,mt12],2,6);
end
