function K = LQR_K(L0)
%LQR_K
%    K = LQR_K(L0)

%    This function was generated by the Symbolic Math Toolbox version 9.3.
%    2023-11-14 13:00:24

t2 = L0.^2;
t3 = L0.^3;
mt1 = [L0.*(-1.408494777580212e+2)+t2.*5.051939840693386e+1+t3.*1.270910314697978e+2+5.828695170489764];
mt2 = [L0.*9.221733673275824e+1-t2.*3.402866431149506e+2+t3.*4.234388575962038e+2-3.085427173694271];
mt3 = [L0.*(-1.246149162815691e+1)-t2.*4.188007090608041e+1+t3.*5.961299632446111e+1+6.259626086237495e-1];
mt4 = [L0.*1.048993483773775e+1-t2.*3.06345528105394e+1+t3.*3.349818796671262e+1-2.616999574156979e-1];
mt5 = [L0.*(-1.709680376377761e+1)+t2.*5.096528010161317e+1-t3.*5.672941159980655e+1+8.812318610246349e-1];
mt6 = [L0.*2.510564434112588-t2.*1.918064965155576e+1+t3.*3.103716616705858e+1+5.787161427185348e-1];
mt7 = [L0.*(-1.240355952005451e+2)+t2.*3.656583870573617e+2-t3.*4.051690019444777e+2+6.332199658743502];
mt8 = [L0.*1.935673564180313e+1-t2.*1.424260952472177e+2+t3.*2.287117064952134e+2+4.068231863791917];
mt9 = [L0.*(-1.460730543667448e+1)+t2.*2.595115854020877e+1-t3.*1.852480005788932e+1+4.077773432811922];
mt10 = [L0.*1.099171333887498e+1-t2.*3.223584358207212e+1+t3.*3.56325430814021e+1+5.061791615868611];
mt11 = [L0.*(-2.7202375987781)+t2.*3.260692357536041e-1+t3.*4.448188783453454+1.310150757236506];
mt12 = [L0.*2.825081319520439-t2.*6.178869790233875+t3.*4.75860285380883+1.638206411099359];
K = reshape([mt1,mt2,mt3,mt4,mt5,mt6,mt7,mt8,mt9,mt10,mt11,mt12],2,6);
end
