初始时各电机反馈的初始角度
M1_temp=-0.9612453579902649
M2_temp=-0.42242637276649475
M3_temp=-1.1829088926315308
M4_temp=-0.7974904179573059

竖直向下时电机反馈的角度
M1_temp=-2.679887351989746
M2_temp=1.3354843664169312
M3_temp=-2.9478385639190674
M4_temp=0.8326855611801147

