劈叉时各电机反馈的初始角度
M1_angle=-0.8339229822158813
M2_angle=-0.4001833200454712
M3_angle=-0.8596175312995911
M4_angle=-0.4960585832595825
竖直向下时电机反馈的角度
M1_temp=0.2632734477519989
M2_temp=2.6359944343566895
M3_temp=-2.004751682281494
M4_temp=-3.5840089321136475
[2次测量]M1_temp=0.29932254552841187
[2次测量]M2_temp=2.591508150100708