劈叉时各电机反馈的初始角度
M1_temp=-0.40862035751342773
M2_temp=-0.8761081099510193
M3_temp=-0.68819260597229
M4_temp=-0.564321756362915


竖直向下时电机反馈的角度
M1_temp=0.6387209892272949
M2_temp=2.1109814643859863
M3_temp=-3.753516435623169
M4_temp=-1.5729295015335083

各个电机的范围限制
M1
upper =  2.184230089187622
lower =-0.14477163553237915

M2
upper = 2.7893948554992676
lower = 0.5413116812705994

M3
upper = -2.181162118911743
lower = -4.348710060119629

M4
upper = -0.9044871926307678
lower = -3.201658248901367

